  0 :   0,   0,   0
  1 : 200, 148, 152
  2 : 188, 132, 144
  3 : 176, 120, 132
  4 : 168, 108, 128
  5 : 156,  96, 120
  6 : 148,  88, 116
  7 : 136,  76, 108
  8 : 136,  64,   0
  9 : 152,  40,   0
 10 : 168,  48,   0
 11 : 184,  56,   4
 12 : 200,  68,   8
 13 : 216,  80,  12
 14 : 232,  92,  20
 15 : 252, 108,  28
 16 :  92,  92,  92
 17 :  80,  80,  80
 18 :  68,  68,  68
 19 :  60,  60,  60
 20 :  48,  48,  48
 21 :  32,  32,  32
 22 :   0, 128, 100
 23 :   8, 180, 124
 24 :  80, 192, 140
 25 :  80, 200, 188
 26 :   0, 104,  80
 27 : 252, 120,   0
 28 : 252, 152,   0
 29 : 252, 184,   0
 30 : 252, 216,   0
 31 : 252, 252,   0
 32 :   0,   0,   0
 33 :  68,  64,  96
 34 :  88,  80, 112
 35 : 108,  96, 128
 36 :   0,   0, 132
 37 :   4,  16, 148
 38 :  20,  40, 164
 39 :  36,  68, 180
 40 :  52,  96, 200
 41 :  72, 124, 216
 42 : 124, 124,   4
 43 : 124, 112,   4
 44 : 124, 104,   8
 45 : 124,  96,  12
 46 : 124,  88,  12
 47 : 124,  80,  16
 48 : 124,  76,  20
 49 : 240, 180, 176
 50 : 224, 120, 108
 51 : 212, 104,  88
 52 : 196,  84,  60
 53 : 184,  64,  36
 54 : 172,  48,  12
 55 : 160,  36,   0
 56 : 120,  44,  60
 57 : 136,  64,  84
 58 : 152,  88, 108
 59 : 180, 132, 152
 60 : 172,  72,  28
 61 : 152,  48,  32
 62 : 132,  36,  40
 63 : 112,  36,  52
 64 :  16,   4, 112
 65 :   0, 104,  84
 66 :  68,  84, 112
 67 :  76,  92, 124
 68 :  88, 100, 140
 69 : 100, 108, 152
 70 : 112, 116, 168
 71 : 124, 124, 180
 72 : 140, 136, 196
 73 : 156, 148, 212
 74 :   0,  88,   4
 75 :   0, 108,   4
 76 :   0, 132,   4
 77 :   0, 156,   4
 78 :   0, 180,   4
 79 :   0, 204,   4
 80 :   0, 228,   4
 81 :   0, 160, 124
 82 :   0, 152, 132
 83 :   0, 144, 136
 84 :   0, 132, 136
 85 :   0, 112, 128
 86 :   0,  92, 120
 87 :   0,  76, 112
 88 :   0,  64, 108
 89 : 216, 156, 148
 90 : 200, 140, 136
 91 : 188, 128, 124
 92 : 176, 116, 112
 93 : 160, 104, 104
 94 : 148,  92,  96
 95 : 136,  84,  88
 96 : 128,  80,  68
 97 :   0,  44, 180
 98 :   0,  92, 216
 99 : 168, 200, 252
100 : 152, 172, 212
101 : 152, 144, 196
102 : 144, 136, 184
103 : 140, 128, 176
104 : 132, 124, 168
105 : 128, 116, 160
106 : 120, 112, 148
107 : 116, 104, 140
108 : 104,  92, 124
109 : 100,  44,  44
110 : 108,  56,  44
111 : 116,  68,  44
112 : 124,  88,  48
113 :  28, 120, 168
114 :  32, 128, 172
115 :  36, 136, 176
116 :  44, 144, 184
117 :  48, 152, 188
118 :  56, 164, 196
119 :  60, 172, 200
120 :  68, 180, 204
121 :  76, 188, 212
122 :  84, 200, 216
123 :  88, 208, 224
124 :  96, 216, 228
125 : 112, 232, 240
126 : 120, 240, 244
127 : 152, 100,   4
128 : 156, 108,  12
129 : 164, 116,  24
130 : 172, 128,  36
131 : 176, 136,  44
132 : 184, 148,  60
133 : 192, 156,  72
134 : 196, 168,  88
135 : 204, 176, 100
136 : 212, 188, 116
137 : 216, 200, 132
138 : 224, 208, 152
139 : 232, 216, 168
140 : 236, 228, 188
141 : 244, 236, 204
142 :   0,  84,   0
143 :   4, 100,   0
144 :  20, 120,   8
145 :  36, 140,  16
146 :  56, 160,  28
147 :  56, 168,  36
148 :  56, 176,  48
149 :  60, 184,  68
150 :  72, 192,  92
151 :  88, 200, 116
152 : 104, 208, 140
153 : 116, 216, 160
154 : 148, 232, 200
155 : 168, 244, 220
156 : 208, 252, 252
157 : 100, 100, 100
158 : 108, 108, 108
159 : 120, 120, 120
160 : 128, 128, 128
161 : 140, 140, 140
162 : 152, 152, 152
163 : 160, 160, 160
164 : 168, 168, 168
165 : 180, 180, 180
166 : 188, 188, 188
167 : 200, 200, 200
168 : 208, 208, 208
169 : 220, 220, 220
170 : 232, 232, 232
171 : 240, 240, 240
172 : 252, 252, 252
173 : 180, 136, 132
174 : 164, 124, 132
175 : 168, 152, 136
176 : 156, 140, 124
177 : 148, 132, 120
178 : 140, 144, 164
179 : 140, 136, 160
180 : 136, 136, 172
181 :   0,  96,   8
182 :   8, 108,  20
183 :  84,  80,  96
184 :  96,  92,  96
185 :  88,  88,  96
186 :  76,  76,  96
187 :  96,  92, 132
188 :   0,  84, 120
189 :   0,   0,   4
190 :  56,  24,   4
191 :  64,  28,   4
192 :  72,  32,   4
193 :  80,  36,   4
194 :  88,  40,   4
195 :  96,  44,   4
196 : 104,  48,   4
197 : 112,  52,   4
198 :  72,  92, 140
199 :  72,  96, 160
200 :  88,  96, 104
201 :  80,  72,  84
202 : 148, 140, 188
203 : 132,  88,  64
204 : 136,  92,  64
205 : 128,  80,  52
206 : 128,  84,  56
207 : 136,  88,  56
208 : 140,  96,  68
209 : 120,  76,  48
210 : 144, 104,  80
211 : 144, 108,  96
212 : 120,  72,  44
213 : 144, 100,  72
214 : 148, 104,  76
215 : 144, 104,  88
216 : 136,  84,  52
217 : 140, 100,  80
218 : 152, 116,  92
219 : 128,  76,  48
220 : 144,  92,  56
221 : 148, 112,  84
222 : 168, 184, 208
223 : 140,  88,  52
224 : 140, 104,  92
225 : 128,  84,  64
226 : 132,  92,  72
227 : 144,  92,  64
228 : 160, 116,  88
229 : 152, 108,  80
230 : 160, 152, 156
231 : 152, 140, 144
232 : 132, 104,  92
233 : 148, 144, 152
234 : 160, 172, 196
235 : 132,  96,  80
236 : 124,  76,  56
237 : 156, 108,  96
238 :  96,  80,  64
239 : 152, 120,  64
240 : 176, 128,  96
241 : 152, 116, 100
242 : 124,  84,  56
243 : 116,  76,  48
244 : 152, 160, 184
245 :   0,  32,  56
246 :  48,   0,  64
247 :  56,  40,  64
248 :  48,  80,  64
249 :  24,  48,  88
250 :  72,  88,  96
251 : 120,  88,  96
252 :  96,  80, 128
253 : 104, 120, 128
254 : 100,  84, 100
255 : 252,   0, 252
